0, 173, 389, 307, 415, 454, 161, 360
1, 424, 29, 363, 457, 412, 3, 145, 262, 401, 453
2, 355, 121, 179, 165, 324
3, 162, 1, 58, 153, 298, 40, 155, 335
4, 441, 291, 381, 329, 412, 22, 280, 302, 375
5, 75, 67, 142, 165, 364, 41, 50, 259, 334
6, 429, 120, 128, 428, 373, 93, 168, 222, 238, 279, 329, 338
7, 296, 74, 307, 191, 498, 23, 129, 148, 221, 451
8, 432, 455, 81, 349, 63, 14, 90, 216, 226, 274, 410, 494
9, 229, 294, 126, 34, 297, 93, 115, 195, 284, 407
10, 111, 75, 371, 206, 193
11, 449, 385, 259, 493, 140, 13, 338, 368
12, 408, 458, 49, 405, 27, 436, 447
13, 52, 423, 415, 11, 346, 58, 139, 189, 295, 323, 341
14, 309, 293, 8, 298, 215, 58, 113, 229, 348, 357, 404, 445
15, 227, 29, 170, 67, 108, 36, 242, 325
16, 193, 290, 142, 61, 397, 233, 282
17, 469, 167, 280, 410, 303, 30, 137, 322, 417, 431
18, 393, 32, 179, 78, 86, 45, 212, 260, 421, 474
19, 37, 364, 332, 105, 24, 46, 115, 274, 363, 411
20, 65, 351, 392, 350, 286, 109, 129, 132, 202, 211, 376, 421, 432
21, 488, 479, 158, 54, 434, 88, 195, 219, 342
22, 128, 444, 32, 410, 4, 49, 77, 201, 294, 312, 313, 489
23, 7, 150, 54, 312, 87, 119, 167, 228, 245, 387
24, 19, 331, 463, 102, 318, 310, 72, 114, 156, 255
25, 396, 290, 402, 289, 140, 102, 159
26, 192, 125, 78, 31, 32, 386, 392, 409
27, 12, 239, 415, 486, 113, 180, 56, 92, 206, 271, 296, 360, 375
28, 305, 354, 156, 186, 241, 137, 270, 284, 348, 475
29, 1, 15, 152, 244, 318, 154, 163, 172, 256, 324, 342, 392, 488
30, 108, 93, 44, 17, 309, 251, 387, 483
31, 26, 105, 358, 159, 134, 151, 72, 108, 203, 269, 278, 288, 380, 395, 450
32, 18, 22, 26, 152, 437, 67, 328, 207, 42, 74, 302, 317, 457
33, 239, 281, 262, 421, 438, 134, 302, 378, 455
34, 9, 387, 105, 170, 286, 422, 43, 147, 164, 452
35, 302, 246, 493, 483, 82, 243
36, 310, 161, 15, 430, 197, 45, 198, 202, 284
37, 19, 368, 304, 246, 443, 245, 95, 133, 250
38, 134, 299, 43, 474, 458, 51, 164, 226, 373
39, 393, 211, 449, 62, 386, 314, 435
40, 330, 252, 3, 475, 479, 42, 165, 220, 347, 430, 441
41, 374, 341, 5, 141, 423, 105, 188, 203, 319
42, 32, 355, 290, 180, 40, 63, 156, 377, 477
43, 38, 34, 398, 461, 150, 245, 60, 77, 152, 254, 387, 434, 456
44, 30, 84, 96, 486, 52, 440, 85, 208, 215, 262, 391, 453, 467
45, 36, 141, 337, 483, 18, 85, 252, 267, 476, 488
46, 480, 120, 380, 19, 360, 263, 430
47, 160, 294, 370, 394, 293, 228, 242, 298, 418, 434
48, 476, 121, 419, 316, 425, 237, 249, 343, 415, 465, 495
49, 12, 380, 208, 497, 71, 22, 405
50, 227, 78, 5, 190, 261, 86, 167, 213, 276
51, 418, 374, 38, 261, 360, 57, 166, 178, 408, 435, 475
52, 13, 44, 66, 246, 219, 86, 161, 126, 266, 432
53, 259, 287, 181, 331, 394, 227, 231, 404, 487
54, 21, 23, 73, 240, 434, 256, 476, 143, 258, 489
55, 269, 395, 261, 87, 276, 84, 184, 227, 277
56, 320, 351, 327, 248, 27, 127, 223
57, 181, 121, 51, 140, 256, 97, 209, 253, 260, 293, 308, 325, 399, 402, 410
58, 3, 325, 14, 209, 13, 395, 283, 466
59, 126, 271, 444, 198, 465, 174, 464
60, 43, 194, 498, 61, 98, 232, 301, 459
61, 16, 60, 91, 72, 424, 317, 387, 99, 220, 273, 320, 357, 396, 456
62, 39, 421, 445, 329, 443, 483, 150, 232, 239, 249, 411, 489
63, 8, 179, 278, 42, 140, 189, 126, 157, 270, 347, 383
64, 76, 379, 333, 374, 351, 74, 344, 355
65, 20, 111, 240, 302, 472, 460, 207, 273, 429
66, 52, 143, 285, 209, 85, 116, 146, 278
67, 5, 15, 32, 392, 234, 447, 294, 127, 251, 353, 408, 429
68, 167, 142, 321, 202, 290, 256, 266, 293
69, 478, 218, 161, 401, 121, 123, 152, 173, 237, 422
70, 339, 306, 149, 130, 326, 173, 318, 341, 356
71, 49, 101, 498, 315, 441, 288, 120, 178, 185, 197, 203, 226, 281, 414
72, 61, 31, 24, 237, 117, 162, 81, 209, 223, 325, 389, 413
73, 54, 117, 164, 317, 349, 174, 83, 277, 366
74, 7, 150, 159, 32, 305, 64, 82, 287, 379, 493
75, 5, 10, 338, 459, 461, 89, 88
76, 64, 417, 338, 85, 276, 282, 463, 496
77, 162, 43, 22, 430, 395, 86, 174, 188, 255
78, 18, 26, 50, 259, 135, 499, 462, 153, 262, 474
79, 196, 461, 484, 378, 433, 166, 200, 243, 303, 338, 493
80, 199, 247, 404, 443, 181, 460, 462
81, 8, 310, 242, 497, 72, 395, 133, 282, 354, 359
82, 35, 74, 128, 301, 213, 403, 136, 156, 196, 342
83, 434, 73, 482, 336, 87, 98, 135, 140, 352, 425
84, 44, 112, 153, 114, 55, 190, 361, 393
85, 66, 76, 45, 462, 443, 351, 44, 119, 252, 377, 385, 475
86, 18, 52, 354, 50, 447, 303, 77, 135, 334, 394, 409
87, 23, 55, 83, 316, 197, 223, 240, 214, 225, 230
88, 75, 21, 224, 219, 150, 457, 152, 252, 270, 354, 371
89, 75, 234, 306, 460, 441, 334, 153, 189, 310, 324, 466, 479
90, 121, 189, 8, 263, 190, 123, 138, 456, 470, 472
91, 61, 477, 227, 458, 456, 117, 136, 196, 276, 406, 450
92, 224, 315, 343, 478, 27, 173, 187, 403, 437, 467
93, 30, 201, 248, 362, 9, 6, 107, 177, 380, 397, 444, 465
94, 115, 369, 166, 213, 200, 181, 212, 224, 228, 382, 434, 476
95, 238, 391, 37, 268, 115, 143, 251, 258, 306, 354, 423
96, 44, 190, 227, 435, 131, 165, 97, 114, 393
97, 151, 194, 383, 57, 96, 274
98, 60, 83, 160, 307, 230, 183, 149, 162, 234, 417, 456, 499
99, 308, 466, 242, 61, 156, 151, 160, 193, 396, 402, 422, 443, 460, 471
100, 372, 437, 241, 401, 260, 108, 115, 182, 193, 210, 336, 428, 442
101, 71, 185, 139, 248, 401, 241, 158, 229, 235, 326, 367
102, 24, 137, 25, 284, 208, 193, 135, 304, 313, 334, 435, 445
103, 151, 463, 490, 472, 267, 134, 159, 388
104, 226, 451, 380, 466, 268, 125, 224, 250, 332, 444
105, 19, 31, 34, 281, 284, 428, 252, 41, 121, 272, 305, 378, 450
106, 125, 115, 135, 337, 270, 133, 234, 476
107, 481, 173, 93, 186, 155, 118, 228, 275, 286, 294, 439
108, 15, 30, 100, 243, 260, 31, 386, 406
109, 234, 243, 314, 407, 20, 122, 155, 179, 218, 244, 281, 422
110, 342, 195, 217, 164, 330, 291, 308
111, 10, 65, 327, 432, 300, 407, 470, 215
112, 84, 257, 318, 187, 326, 329, 287, 291, 396, 429, 489
113, 27, 142, 298, 124, 14, 276, 121, 140, 172, 283, 370, 385
114, 84, 448, 204, 390, 96, 24, 196, 470, 493
115, 94, 95, 106, 466, 19, 100, 9, 307, 127, 190, 195, 406
116, 66, 453, 474, 145, 437, 410, 174, 180, 221, 252, 272, 363, 415
117, 72, 73, 91, 215, 297, 272, 375, 455, 198
118, 107, 203, 177, 346, 483, 124, 196, 290, 352, 383
119, 23, 227, 272, 85, 482, 164, 212, 269, 309, 387
120, 6, 46, 420, 71, 449, 439, 205, 268, 453
121, 2, 48, 57, 69, 90, 359, 105, 113, 368, 299, 127, 129, 183, 350, 427, 436
122, 316, 275, 176, 109, 272, 128, 295, 319, 409, 450
123, 369, 237, 486, 90, 69, 395, 420
124, 113, 316, 118, 410, 377, 256
125, 26, 106, 104, 418, 220, 132, 207, 379
126, 9, 59, 63, 435, 269, 52, 278, 300, 375, 403, 427, 446, 458
127, 67, 295, 121, 115, 466, 56, 232, 285, 318, 333, 497
128, 6, 22, 82, 122, 493, 267, 158, 421, 176, 207, 230, 282, 375, 424, 449
129, 20, 257, 121, 137, 7, 301, 373, 382, 429, 497
130, 70, 371, 208, 245, 302, 410, 386
131, 96, 470, 209, 230, 425, 137, 146, 269, 277, 283, 391, 398
132, 125, 467, 235, 20, 318, 278, 217, 250, 281, 379, 496
133, 106, 205, 81, 37, 387, 231, 300, 386
134, 31, 38, 188, 33, 329, 103, 288, 194, 231, 259, 339
135, 78, 106, 83, 102, 86, 274, 232, 168, 323, 409, 431
136, 82, 282, 466, 358, 91, 199, 289, 337, 414
137, 102, 129, 131, 364, 17, 439, 28, 217, 297, 317, 468
138, 312, 446, 336, 90, 219, 242
139, 101, 240, 363, 13, 280, 290, 226, 237, 255, 369, 374, 468
140, 11, 25, 57, 63, 497, 83, 227, 113, 448, 483
141, 41, 45, 314, 360, 283, 331, 168, 202, 446, 451
142, 5, 16, 68, 113, 381, 405, 190, 183, 214, 264, 304, 322, 325, 491
143, 66, 399, 422, 256, 54, 95, 269, 324, 478
144, 329, 459, 174, 294, 285, 304, 472
145, 116, 460, 150, 1, 447, 480, 169, 296, 476
146, 66, 368, 175, 395, 131, 182, 211, 237, 275, 331, 362, 424, 431, 472
147, 226, 349, 422, 34, 376, 312
148, 354, 7, 440, 308, 167, 184
149, 70, 476, 98, 310, 220, 301, 196, 271, 454
150, 23, 43, 74, 88, 145, 477, 394, 377, 62, 342, 291, 400
151, 31, 97, 103, 325, 164, 208, 99, 154, 367, 372, 462
152, 29, 32, 166, 69, 88, 382, 43, 372, 376
153, 3, 78, 84, 183, 458, 264, 89, 234, 178, 194, 245, 454
154, 29, 468, 151, 353, 190, 449, 238, 292, 312
155, 107, 425, 470, 3, 109, 360, 302, 313, 335, 469
156, 28, 99, 42, 229, 82, 24, 447, 168, 232, 320, 427
157, 376, 166, 284, 63, 200, 163, 199, 412, 433
158, 21, 128, 324, 352, 101, 246, 261, 271, 305, 358, 370, 440, 492
159, 31, 74, 25, 273, 499, 394, 103, 391, 395
160, 47, 98, 450, 99, 248, 399, 362, 303, 383, 427
161, 36, 52, 69, 498, 363, 0, 218, 287, 177, 187, 199, 236, 316, 355
162, 3, 72, 77, 352, 304, 261, 98, 458, 327, 373, 374, 396, 473
163, 29, 157, 440, 496, 443, 259, 286, 321, 366, 371, 437, 438, 454
164, 73, 110, 151, 360, 38, 473, 34, 119, 186, 247, 390, 422, 494
165, 2, 5, 96, 383, 467, 496, 40, 354, 227, 277, 350, 442
166, 94, 152, 157, 486, 51, 187, 344, 79, 248
167, 17, 68, 148, 397, 50, 195, 23, 230, 205, 313, 390, 399
168, 141, 156, 393, 6, 135, 411, 198, 367, 442, 448
169, 145, 419, 346, 263, 243, 260, 265, 426
170, 15, 34, 325, 369, 285, 216, 206, 326, 389, 464, 490
171, 376, 273, 230, 239, 291, 272, 485
172, 254, 414, 279, 113, 29, 239, 463
173, 0, 107, 413, 312, 92, 70, 69, 384
174, 73, 144, 343, 77, 59, 116, 200, 246, 453
175, 146, 253, 265, 461, 251, 313, 275, 312, 355, 482, 492
176, 122, 128, 319, 327, 395, 375, 192, 287, 336, 363
177, 118, 255, 434, 93, 218, 161, 347, 391, 435, 499
178, 196, 51, 362, 153, 71, 279, 360, 403
179, 2, 18, 63, 447, 338, 192, 109, 324
180, 27, 42, 304, 228, 186, 207, 116, 219, 286, 416, 495
181, 53, 57, 80, 94, 241, 231, 388, 281, 190, 300, 348
182, 299, 100, 146, 310, 480, 210, 268, 301, 339, 379
183, 98, 142, 153, 282, 121, 436, 199, 391, 239, 461
184, 55, 148, 348, 399, 312, 240, 266
185, 101, 71, 462, 414, 408, 427, 307, 322, 460
186, 28, 107, 180, 164, 477, 267, 379, 473, 305
187, 112, 166, 397, 369, 92, 291, 161, 477
188, 134, 444, 77, 41, 350, 467, 328, 330
189, 63, 90, 349, 89, 334, 379, 13
190, 50, 84, 90, 96, 142, 154, 181, 115, 457, 268, 349, 273, 328
191, 7, 266, 278, 472, 287, 277, 219, 311, 436
192, 26, 179, 466, 176, 424, 361, 464, 298, 318, 400
193, 10, 16, 102, 99, 222, 424, 244, 100, 280
194, 60, 97, 134, 474, 495, 153, 391, 247, 460
195, 110, 167, 355, 9, 21, 291, 115, 241
196, 79, 178, 149, 118, 114, 82, 91, 204
197, 36, 87, 71, 279, 229, 269, 224, 365, 465
198, 59, 368, 168, 36, 117, 307, 217, 290, 446, 486
199, 80, 183, 161, 276, 157, 293, 136, 413, 452
200, 94, 157, 174, 381, 79, 264, 218, 388, 227, 230, 259, 284, 374, 404, 428
201, 93, 300, 402, 321, 22, 365, 258, 263, 336, 346, 369, 371, 388, 433
202, 68, 461, 214, 36, 20, 141, 425
203, 118, 242, 71, 41, 471, 31, 232, 355, 419
204, 114, 450, 238, 196, 258, 215, 436, 449
205, 120, 133, 452, 381, 442, 362, 167, 217, 349
206, 10, 27, 397, 170, 394, 214, 292, 327, 341, 358, 366, 373
207, 32, 125, 180, 468, 234, 379, 128, 65, 250, 390
208, 49, 102, 130, 151, 240, 44, 363, 387, 390, 337, 381, 468
209, 58, 66, 131, 426, 435, 325, 57, 72, 236, 416
210, 256, 405, 391, 182, 100, 234, 311, 430
211, 39, 357, 20, 453, 146, 305, 238, 315, 483
212, 305, 94, 18, 119, 458, 416, 436, 449, 466
213, 82, 94, 50, 443, 391, 435, 464, 247, 272, 317, 441, 496
214, 142, 202, 206, 368, 259, 494, 287, 87, 248, 419
215, 14, 117, 204, 368, 111, 420, 485, 44, 249, 287
216, 170, 392, 276, 239, 459, 8, 325, 343
217, 110, 137, 198, 205, 472, 132, 347, 222
218, 69, 161, 177, 200, 109, 456, 238, 499, 259, 271, 454, 487
219, 52, 88, 138, 191, 438, 225, 21, 180, 376, 473
220, 125, 149, 454, 445, 410, 40, 61, 276, 418, 439, 482, 498
221, 465, 7, 491, 116, 278, 248, 342, 346, 368
222, 193, 6, 217, 237, 392, 347, 265, 309, 342, 486
223, 87, 72, 322, 56, 386, 411, 224, 416, 421
224, 88, 92, 197, 94, 223, 280, 104, 247, 296, 349, 493, 497
225, 219, 283, 293, 340, 461, 87, 331, 347
226, 104, 147, 250, 71, 139, 8, 38, 333, 356, 442, 468
227, 15, 50, 91, 96, 119, 140, 55, 200, 299, 53, 165, 365, 444, 484
228, 180, 47, 23, 94, 107, 336, 254, 395, 492
229, 9, 156, 197, 232, 14, 101, 423, 378, 399, 426, 447
230, 98, 131, 167, 171, 323, 87, 128, 200, 341, 237, 367, 410
231, 181, 133, 350, 368, 53, 134
232, 135, 229, 156, 203, 127, 60, 62, 260, 378
233, 463, 278, 16, 392, 361, 251, 481, 499
234, 67, 89, 109, 153, 207, 275, 210, 106, 345, 98, 334, 389, 487
235, 132, 259, 484, 101, 303, 270, 400, 447, 468
236, 209, 434, 161, 403, 476, 296, 393, 438, 459
237, 72, 123, 222, 146, 69, 139, 230, 48, 353, 383, 408, 470, 486
238, 95, 204, 218, 378, 6, 211, 154, 260, 293, 385, 442, 446
239, 27, 33, 171, 216, 62, 183, 172, 379, 344, 417, 492
240, 54, 65, 87, 139, 208, 409, 366, 298, 285, 184, 258, 484
241, 28, 100, 101, 181, 195, 437, 407, 390, 350, 284, 327, 394
242, 81, 99, 203, 393, 351, 15, 138, 47, 364, 396
243, 108, 109, 169, 35, 370, 79, 297, 298, 352, 481
244, 29, 193, 255, 109, 400, 307, 349, 394
245, 37, 43, 130, 23, 153, 271, 331, 361, 357, 401, 431, 459
246, 35, 37, 52, 158, 435, 481, 358, 174, 466
247, 80, 224, 304, 429, 213, 164, 194, 441, 491
248, 56, 93, 101, 160, 214, 468, 166, 436, 221, 294, 407, 457
249, 412, 62, 463, 215, 48, 417
250, 226, 207, 425, 37, 104, 132
251, 175, 425, 67, 95, 30, 233, 332, 361, 484
252, 40, 105, 116, 88, 85, 45, 344, 364
253, 175, 338, 383, 57, 398, 335, 261, 343, 407, 428
254, 172, 322, 228, 371, 43, 432, 294
255, 177, 244, 373, 295, 139, 77, 24, 316
256, 54, 57, 124, 143, 210, 259, 364, 68, 333, 29, 277, 455
257, 112, 129, 346, 397, 284, 285, 429, 259, 362, 451
258, 204, 95, 201, 240, 355, 54, 264, 298, 323, 364, 408
259, 11, 53, 78, 163, 214, 218, 235, 256, 200, 283, 134, 5, 257, 262
260, 100, 108, 238, 169, 57, 232, 337, 18, 419
261, 50, 51, 55, 158, 162, 350, 417, 253, 474, 321, 365, 403, 481
262, 33, 44, 325, 78, 1, 259, 281, 302
263, 90, 169, 46, 273, 266, 284, 201, 363, 394, 473
264, 153, 200, 330, 142, 408, 258, 362, 443, 466
265, 175, 413, 169, 308, 222, 421, 353, 380
266, 191, 263, 496, 68, 52, 403, 184, 360, 362
267, 103, 128, 186, 298, 427, 338, 387, 45, 319, 377
268, 95, 104, 190, 120, 347, 456, 182, 343, 289
269, 55, 126, 197, 143, 330, 31, 119, 131, 270, 312, 399, 458
270, 106, 88, 235, 63, 269, 28, 273
271, 59, 245, 218, 158, 149, 27, 315, 290
272, 117, 119, 122, 450, 171, 116, 105, 213, 347, 451, 463
273, 159, 171, 263, 457, 65, 190, 61, 270, 413
274, 135, 495, 317, 19, 97, 8, 319
275, 122, 234, 364, 107, 175, 460, 146, 369
276, 55, 76, 113, 199, 216, 50, 91, 461, 434, 220
277, 191, 131, 73, 55, 256, 165, 463
278, 63, 126, 132, 191, 221, 233, 287, 457, 31, 66, 373, 324, 333, 390, 392
279, 172, 197, 337, 178, 412, 380, 6, 355, 482
280, 17, 139, 224, 193, 470, 457, 4, 458, 283, 297, 323, 343, 356
281, 33, 105, 181, 71, 477, 262, 109, 132, 478, 496
282, 76, 136, 183, 81, 373, 498, 16, 128, 328, 404, 488
283, 141, 225, 259, 131, 432, 280, 113, 58, 384, 394
284, 102, 105, 157, 257, 263, 9, 28, 241, 200, 36, 465, 494
285, 66, 144, 170, 240, 257, 127, 318, 396, 458
286, 20, 34, 107, 180, 163, 432, 453, 307, 335
287, 53, 161, 191, 214, 278, 176, 337, 215, 74, 112, 392, 438, 454
288, 71, 134, 327, 423, 424, 293, 31, 354
289, 25, 268, 136, 332, 304, 447, 320, 331, 363, 458, 462
290, 16, 25, 42, 68, 139, 118, 198, 271, 298, 498, 299, 317, 402
291, 4, 171, 187, 195, 110, 150, 112, 405, 346, 338
292, 402, 456, 206, 154, 326, 293, 351, 440
293, 14, 47, 199, 225, 288, 57, 238, 411, 68, 292, 307
294, 9, 47, 67, 144, 107, 254, 22, 248, 318, 362
295, 127, 255, 13, 301, 426, 122, 407, 321, 405
296, 7, 236, 224, 382, 145, 27, 432
297, 9, 117, 243, 361, 438, 137, 345, 280, 349, 386
298, 3, 14, 113, 240, 243, 267, 290, 47, 404, 258, 356, 192, 320, 437
299, 38, 121, 182, 227, 407, 440, 494, 290, 351, 481, 497
300, 111, 201, 126, 493, 181, 133, 398, 370, 479
301, 82, 149, 295, 60, 479, 129, 182, 481, 326, 412
302, 35, 65, 130, 32, 155, 4, 262, 33, 346, 360, 487
303, 17, 86, 235, 79, 414, 382, 456, 160, 336
304, 37, 162, 180, 247, 289, 102, 440, 142, 498, 144, 412, 464
305, 28, 74, 211, 212, 105, 448, 186, 158, 404, 315, 320, 352
306, 70, 89, 460, 95, 461, 459, 328, 309, 333
307, 0, 7, 98, 115, 198, 244, 286, 293, 348, 185, 361, 340, 343, 351, 493
308, 99, 148, 265, 347, 442, 57, 110, 391, 357, 359, 473
309, 14, 30, 306, 119, 428, 461, 222, 326, 334
310, 24, 36, 81, 149, 182, 349, 376, 89, 489, 384, 377
311, 210, 191, 330, 356, 422, 482
312, 23, 138, 173, 184, 22, 175, 147, 154, 269, 418
313, 175, 454, 155, 22, 102, 167, 439
314, 109, 141, 328, 39, 375, 340, 348, 330, 367
315, 71, 92, 271, 305, 372, 462, 359, 211, 321
316, 48, 87, 122, 124, 255, 161, 377, 441, 319, 419, 470
317, 61, 73, 274, 32, 137, 290, 213, 422, 327, 457
318, 24, 29, 112, 132, 285, 294, 127, 192, 70, 477, 385, 381, 474
319, 176, 274, 122, 41, 267, 316
320, 56, 61, 305, 156, 298, 289, 339, 344, 380, 463
321, 68, 201, 295, 261, 163, 315, 354, 345
322, 223, 254, 17, 417, 368, 142, 185, 489
323, 230, 258, 280, 135, 13, 361, 331, 445
324, 2, 158, 179, 143, 29, 89, 496, 278, 382
325, 58, 151, 170, 209, 262, 72, 15, 142, 216, 57
326, 70, 112, 292, 431, 101, 301, 170, 309, 350, 425
327, 56, 111, 176, 288, 206, 241, 162, 317, 407, 437
328, 32, 306, 314, 282, 190, 188, 388, 340
329, 4, 62, 112, 134, 144, 393, 340, 392, 6, 390, 351
330, 40, 110, 264, 269, 311, 188, 387, 314, 432, 423
331, 24, 53, 141, 245, 333, 323, 225, 289, 146, 351, 484
332, 19, 289, 423, 104, 471, 477, 251, 345, 458
333, 64, 256, 331, 226, 306, 395, 127, 278, 369, 372, 407
334, 89, 189, 5, 86, 102, 309, 234
335, 253, 286, 3, 394, 442, 155, 370, 464
336, 83, 138, 228, 176, 303, 201, 437, 100, 399, 433
337, 45, 106, 260, 279, 287, 415, 208, 440, 136, 453, 339
338, 75, 76, 179, 253, 267, 291, 6, 11, 349, 79
339, 70, 348, 134, 337, 320, 182, 345, 459
340, 225, 314, 329, 307, 473, 493, 328, 369, 424
341, 41, 230, 385, 13, 206, 425, 70, 485
342, 110, 150, 222, 82, 21, 221, 29, 388, 434, 458
343, 92, 174, 268, 253, 307, 216, 280, 48, 364, 374, 385
344, 166, 239, 252, 394, 430, 64, 439, 320, 441
345, 234, 297, 369, 332, 321, 339, 434, 471
346, 13, 118, 169, 257, 291, 411, 221, 201, 302, 394, 482
347, 217, 222, 268, 308, 272, 63, 225, 177, 40, 443
348, 184, 307, 314, 339, 14, 181, 28, 426, 382, 389
349, 8, 73, 147, 189, 190, 244, 310, 338, 224, 456, 425, 205, 297, 405, 434, 488, 491
350, 20, 188, 231, 241, 261, 400, 326, 369, 121, 165, 445
351, 20, 56, 64, 85, 242, 299, 307, 402, 331, 329, 292
352, 158, 162, 497, 243, 83, 118, 305, 411, 415
353, 154, 237, 265, 67, 448
354, 28, 86, 148, 165, 321, 288, 88, 95, 81, 378
355, 2, 42, 195, 258, 175, 279, 203, 161, 64, 393, 480
356, 298, 311, 280, 70, 226, 358, 380, 405, 413, 450
357, 211, 245, 14, 308, 61, 400
358, 31, 136, 246, 356, 206, 499, 469, 158, 451, 366, 380, 444, 461
359, 121, 315, 308, 395, 492, 389, 81, 384, 397
360, 46, 51, 141, 155, 164, 178, 27, 0, 302, 266, 382, 388, 418, 476, 498
361, 192, 233, 245, 297, 307, 323, 400, 84, 375, 251
362, 93, 160, 178, 205, 264, 294, 266, 422, 146, 257, 428
363, 1, 139, 161, 208, 176, 19, 116, 263, 289, 368, 478
364, 5, 19, 137, 256, 275, 258, 343, 252, 242, 444, 491
365, 201, 261, 197, 395, 227, 465, 387
366, 240, 206, 73, 464, 163, 358
367, 151, 168, 314, 101, 230, 375
368, 37, 121, 146, 198, 214, 215, 231, 322, 11, 445, 425, 363, 221
369, 94, 123, 170, 187, 340, 345, 350, 201, 418, 275, 139, 333, 400, 441, 443
370, 47, 243, 335, 398, 158, 300, 113
371, 10, 130, 254, 88, 201, 163, 467, 469, 480
372, 100, 315, 333, 472, 492, 152, 151, 490
373, 6, 255, 278, 282, 206, 38, 405, 129, 162, 431
374, 41, 51, 64, 200, 162, 139, 343
375, 117, 176, 314, 361, 27, 367, 4, 126, 128, 414, 420
376, 147, 157, 171, 310, 152, 475, 20, 219, 473, 498
377, 124, 150, 316, 267, 471, 42, 85, 310, 415
378, 79, 229, 238, 354, 105, 33, 232, 436
379, 64, 186, 189, 207, 239, 416, 74, 125, 132, 182, 409, 495
380, 46, 49, 104, 279, 356, 265, 93, 358, 31, 320, 462
381, 4, 142, 200, 205, 208, 483, 398, 318, 485
382, 152, 296, 303, 348, 94, 402, 129, 360, 324, 453, 471
383, 97, 165, 253, 496, 160, 118, 237, 63, 390, 452, 475
384, 310, 283, 173, 465, 387, 359, 402, 469, 485
385, 11, 318, 341, 85, 113, 238, 343, 424, 393, 448, 477
386, 39, 223, 108, 297, 133, 26, 130, 425, 479, 480
387, 34, 61, 133, 208, 267, 330, 384, 23, 43, 30, 119, 365, 484
388, 181, 200, 328, 201, 360, 470, 342, 103, 448
389, 0, 359, 458, 348, 234, 72, 170
390, 114, 208, 241, 329, 164, 383, 167, 207, 278, 497, 499
391, 95, 183, 194, 210, 213, 308, 131, 159, 412, 44, 177
392, 20, 67, 216, 222, 233, 329, 26, 287, 29, 278, 459
393, 18, 39, 168, 242, 329, 385, 236, 96, 84, 355
394, 47, 53, 150, 159, 206, 335, 344, 346, 86, 283, 263, 241, 244, 403, 499
395, 55, 58, 77, 81, 146, 176, 333, 359, 365, 228, 481, 159, 123, 31
396, 25, 285, 242, 162, 99, 61, 112, 480
397, 16, 167, 187, 206, 257, 444, 359, 420, 93, 472, 465, 495
398, 43, 253, 300, 370, 381, 131, 487, 408, 493, 472
399, 143, 160, 184, 269, 336, 167, 57, 229
400, 244, 350, 357, 361, 150, 369, 235, 192, 430, 485
401, 69, 100, 101, 1, 478, 404, 245, 452
402, 25, 201, 292, 351, 382, 99, 57, 384, 494, 290
403, 82, 236, 266, 178, 394, 92, 261, 126
404, 80, 298, 305, 401, 14, 282, 200, 53, 445
405, 12, 142, 210, 291, 373, 356, 349, 295, 49, 435, 471
406, 108, 91, 410, 492, 115, 427, 461, 486
407, 109, 111, 241, 295, 299, 248, 9, 333, 327, 253
408, 12, 185, 264, 398, 67, 237, 258, 51, 451
409, 240, 135, 26, 122, 86, 379, 421
410, 17, 22, 116, 124, 130, 220, 406, 8, 465, 440, 57, 230, 430, 432
411, 168, 223, 293, 346, 62, 352, 463, 19, 486, 424, 438, 452
412, 1, 4, 249, 279, 391, 304, 461, 301, 157, 419
413, 173, 265, 72, 273, 199, 480, 356
414, 172, 185, 303, 71, 136, 451, 375, 441, 422
415, 0, 13, 27, 337, 465, 352, 48, 377, 116
416, 379, 180, 212, 223, 209, 420, 467
417, 76, 261, 322, 249, 98, 239, 461, 17, 469, 479, 481
418, 51, 125, 369, 312, 360, 47, 498, 220, 467
419, 48, 169, 412, 260, 214, 316, 203, 437, 469, 496
420, 120, 215, 397, 416, 498, 123, 375, 492, 439
421, 33, 62, 128, 265, 223, 20, 432, 18, 409, 472
422, 34, 143, 147, 311, 317, 362, 69, 99, 109, 164, 414, 429, 490
423, 13, 41, 229, 288, 330, 332, 431, 95, 494, 490, 439
424, 1, 61, 192, 193, 288, 385, 411, 146, 128, 340, 433
425, 48, 131, 155, 250, 251, 341, 349, 368, 386, 480, 326, 202, 83
426, 209, 295, 348, 499, 169, 469, 229, 498, 470, 486
427, 185, 267, 160, 121, 406, 126, 156
428, 6, 105, 309, 100, 362, 253, 200, 472, 462
429, 6, 247, 257, 129, 65, 67, 422, 112
430, 36, 77, 344, 400, 40, 480, 210, 46, 410, 438
431, 326, 423, 17, 135, 146, 373, 245
432, 8, 111, 254, 283, 286, 330, 421, 52, 410, 20, 296, 448, 466, 474
433, 79, 424, 336, 486, 478, 201, 157
434, 21, 54, 83, 177, 236, 276, 345, 349, 47, 342, 94, 43
435, 96, 126, 209, 213, 246, 405, 102, 51, 39, 177, 481, 455
436, 183, 248, 378, 191, 212, 204, 121, 12
437, 32, 100, 116, 241, 336, 419, 163, 298, 327, 92, 455
438, 33, 219, 297, 430, 163, 411, 236, 287
439, 120, 137, 344, 420, 107, 423, 313, 467, 220, 478, 494
440, 44, 148, 163, 299, 304, 337, 410, 158, 443, 499, 292, 449
441, 4, 71, 89, 316, 414, 247, 344, 213, 40, 369
442, 205, 308, 335, 226, 238, 165, 100, 168, 449
443, 37, 62, 80, 85, 163, 213, 440, 369, 470, 99, 264, 347, 447
444, 22, 59, 188, 397, 358, 104, 227, 93, 364, 478
445, 62, 220, 368, 404, 102, 14, 323, 350
446, 138, 238, 450, 126, 141, 198
447, 67, 86, 145, 156, 179, 289, 229, 488, 12, 443, 235
448, 114, 140, 305, 353, 476, 385, 388, 432, 168, 488
449, 11, 39, 120, 154, 440, 442, 128, 487, 204, 212, 459
450, 160, 204, 272, 446, 105, 356, 91, 31, 122, 477
451, 104, 358, 408, 414, 7, 257, 272, 493, 141
452, 205, 383, 34, 199, 401, 411
453, 116, 211, 286, 337, 174, 1, 120, 44, 382, 455
454, 0, 220, 313, 218, 149, 163, 153, 287
455, 8, 117, 437, 453, 33, 435, 256, 456
456, 91, 218, 268, 292, 303, 349, 90, 455, 43, 61, 98, 487
457, 1, 88, 190, 273, 278, 280, 32, 317, 248, 487, 494
458, 12, 38, 91, 153, 162, 212, 280, 285, 389, 126, 332, 342, 269, 289, 460
459, 75, 144, 216, 306, 392, 245, 339, 236, 449, 60
460, 65, 89, 145, 275, 306, 80, 99, 194, 458, 185
461, 43, 75, 79, 175, 202, 225, 276, 306, 309, 412, 417, 358, 463, 183, 467, 406
462, 78, 85, 185, 315, 289, 151, 80, 380, 428, 464
463, 24, 103, 233, 249, 411, 461, 320, 272, 172, 277, 76
464, 192, 213, 366, 462, 59, 170, 335, 304
465, 59, 221, 365, 384, 410, 415, 284, 197, 397, 48, 93
466, 99, 104, 115, 127, 136, 192, 246, 264, 212, 432, 89, 58
467, 132, 165, 188, 371, 439, 461, 44, 418, 416, 92, 492
468, 154, 207, 248, 235, 139, 208, 137, 226, 483, 491
469, 17, 358, 426, 371, 419, 155, 384, 417
470, 111, 131, 155, 280, 388, 443, 316, 237, 90, 426, 114
471, 203, 332, 377, 382, 405, 479, 345, 99
472, 65, 103, 191, 217, 372, 397, 398, 428, 90, 496, 146, 421, 144
473, 164, 186, 340, 376, 308, 263, 162, 219
474, 38, 116, 194, 261, 432, 318, 18, 78, 475, 479
475, 40, 376, 383, 51, 28, 85, 474, 490
476, 48, 54, 149, 236, 448, 145, 106, 360, 94, 45
477, 91, 150, 186, 281, 318, 332, 385, 485, 187, 42, 450
478, 69, 92, 401, 433, 363, 444, 439, 143, 281
479, 21, 40, 301, 471, 386, 474, 417, 300, 89
480, 46, 145, 182, 413, 425, 430, 386, 396, 355, 371, 490
481, 107, 246, 301, 395, 435, 243, 261, 233, 417, 299
482, 83, 119, 346, 279, 175, 220, 311
483, 35, 45, 62, 118, 381, 468, 30, 211, 140, 496
484, 79, 235, 227, 251, 240, 387, 331
485, 215, 477, 171, 384, 400, 341, 381
486, 27, 44, 123, 166, 411, 433, 222, 198, 406, 237, 426
487, 398, 449, 457, 234, 456, 53, 302, 218
488, 21, 447, 349, 45, 29, 282, 448
489, 310, 62, 22, 322, 54, 112
490, 103, 423, 480, 475, 372, 422, 170, 495
491, 221, 468, 364, 247, 349, 142
492, 359, 372, 406, 420, 228, 175, 158, 239, 467
493, 11, 35, 128, 300, 340, 398, 451, 307, 74, 224, 79, 114
494, 214, 299, 402, 423, 457, 8, 439, 164, 284
495, 194, 274, 180, 379, 397, 48, 490, 498
496, 163, 165, 266, 324, 383, 472, 483, 213, 132, 419, 76, 281
497, 49, 81, 140, 352, 390, 129, 299, 224, 127
498, 7, 60, 71, 161, 282, 290, 304, 418, 420, 426, 495, 360, 220, 376
499, 78, 159, 218, 358, 426, 440, 394, 233, 390, 177, 98
